
80367845335965467829490884979607087968395715079333476033191456456043634624631814
69720373455321961448463023962315682081295782296584270161370158122947678297695261
83110361155218973534132637868629878697276885010621667798340990722479232206539737
13463002267961138485665145767674250318155261257772388914848037181442700351991188
78202599958091382248809859740192407873680638637856763529017063209330058663202099
71047564687269855667449125006030388570791745025604012995932967808845626861494067
47757626955306318894286334582390440199311487506303917239894227392200691929791463
60761657647243198209757903543161784470722640257106296127927446234938320434685360
56092942850806682235592789516752472672702894552294332079944336742847297657777111
82020727069774363430120155459102563459786762117990027934127337326692296907778498
90971804673853596374679605486250994462067144498021338816661680015260506260121233
46093003692879254719481099405181507957042513412777445437991143507101426673368439
55092786253471677679929374852301467956035620488443249917432666866615533126628927
56764077634313384353273388823928758448367518817572260268201735092705057764226524
36206224746614491397668247316050974170122064912373180229234431227192655345960223
082314479121823620163578746247313

